7.877909750055520135e+02
7.878301001212551000e+02
7.878692250242534101e+02
7.879083497145466026e+02
7.879474741921350187e+02
7.879865984570184310e+02
7.880257225091969531e+02
7.880648463486703577e+02
7.881039699754392132e+02
7.881430933895027238e+02
7.881822165908614579e+02
7.882213395795151882e+02
7.882604623554640284e+02
7.882995849187078647e+02
7.883387072692468109e+02
7.883778294070807533e+02
7.884169513322098055e+02
7.884560730446338539e+02
7.884951945443530121e+02
7.885343158313671665e+02
7.885734369056765445e+02
7.886125577672806912e+02
7.886516784161800615e+02
7.886907988523745416e+02
7.887299190758639043e+02
7.887690390866484904e+02
7.888081588847280727e+02
7.888472784701027649e+02
7.888863978427724533e+02
7.889255170027372515e+02
7.889646359499969321e+02
7.890037546845518364e+02
7.890428732064017368e+02
7.890819915155467470e+02
7.891211096119867534e+02
7.891602274957218697e+02
7.891993451667519821e+02
7.892384626250772044e+02
7.892775798706974228e+02
7.893166969036128648e+02
7.893558137238230756e+02
7.893949303313285100e+02
7.894340467261290542e+02
7.894731629082244808e+02
7.895122788776151310e+02
7.895513946343007774e+02
7.895905101782814199e+02
7.896296255095570586e+02
7.896687406281279209e+02
7.897078555339937793e+02
7.897469702271547476e+02
7.897860847076107120e+02
7.898251989753617863e+02
7.898643130304078568e+02
7.899034268727490371e+02
7.899425405023852136e+02
7.899816539193164999e+02
7.900207671235427824e+02
7.900598801150641748e+02
7.900989928938805633e+02
7.901381054599918343e+02
7.901772178133984426e+02
7.902163299541000470e+02
7.902554418820967612e+02
7.902945535973883580e+02
7.903336650999751782e+02
7.903727763898569947e+02
7.904118874670339210e+02
7.904509983315056161e+02
7.904901089832727621e+02
7.905292194223346769e+02
7.905683296486918152e+02
7.906074396623439497e+02
7.906465494632911941e+02
7.906856590515334346e+02
7.907247684270707850e+02
7.907638775899030179e+02
7.908029865400304743e+02
7.908420952774529269e+02
7.908812038021704893e+02
7.909203121141830479e+02
7.909594202134907164e+02
7.909985281000933810e+02
7.910376357739910418e+02
7.910767432351839261e+02
7.911158504836718066e+02
7.911549575194547970e+02
7.911940643425326698e+02
7.912331709529056525e+02
7.912722773505737450e+02
7.913113835355369474e+02
7.913504895077951460e+02
7.913895952673484544e+02
7.914287008141966453e+02
7.914678061483400597e+02
7.915069112697784703e+02
7.915460161785119908e+02
7.915851208745405074e+02
7.916242253578640202e+02
7.916633296284826429e+02
7.917024336863962617e+02
7.917415375316051040e+02
7.917806411641088289e+02
7.918197445839077773e+02
7.918588477910016081e+02
7.918979507853906625e+02
7.919370535670747131e+02
7.919761561360537598e+02
7.920152584923278027e+02
7.920543606358970692e+02
7.920934625667612181e+02
7.921325642849205906e+02
7.921716657903749592e+02
7.922107670831244377e+02
7.922498681631687987e+02
7.922889690305083832e+02
7.923280696851429639e+02
7.923671701270726544e+02
7.924062703562972274e+02
7.924453703728169103e+02
7.924844701766318167e+02
7.925235697677417193e+02
7.925626691461465043e+02
7.926017683118465129e+02
7.926408672648416314e+02
7.926799660051315186e+02
7.927190645327167431e+02
7.927581628475969637e+02
7.927972609497721805e+02
7.928363588392425072e+02
7.928754565160079437e+02
7.929145539800681490e+02
7.929536512314238053e+02
7.929927482700742303e+02
7.930318450960199925e+02
7.930709417092604099e+02
7.931100381097962781e+02
7.931491342976269152e+02
7.931882302727527758e+02
7.932273260351736326e+02
7.932664215848894855e+02
7.933055169219004483e+02
7.933446120462064073e+02
7.933837069578074761e+02
7.934228016567036548e+02
7.934618961428949433e+02
7.935009904163810006e+02
7.935400844771623952e+02
7.935791783252387859e+02
7.936182719606101728e+02
7.936573653832766695e+02
7.936964585932382761e+02
7.937355515904946515e+02
7.937746443750464778e+02
7.938137369468929592e+02
7.938528293060348915e+02
7.938919214524715926e+02
7.939310133862035173e+02
7.939701051072304381e+02
7.940091966155522414e+02
7.940482879111693819e+02
7.940873789940814049e+02
7.941264698642885378e+02
7.941655605217907805e+02
7.942046509665879057e+02
7.942437411986802545e+02
7.942828312180675994e+02
7.943219210247500541e+02
7.943610106187276187e+02
7.944000999999999522e+02
7.944391891685676228e+02
7.944782781244301759e+02
7.945173668675879526e+02
7.945564553980406117e+02
7.945955437157884944e+02
7.946346318208313733e+02
7.946737197131692483e+02
7.947128073928022332e+02
7.947518948597301005e+02
7.947909821139533051e+02
7.948300691554712785e+02
7.948691559842845891e+02
7.949082426003927822e+02
7.949473290037961988e+02
7.949864151944943842e+02
7.950255011724879068e+02
7.950645869377763120e+02
7.951036724903599406e+02
7.951427578302383381e+02
7.951818429574121865e+02
7.952209278718806900e+02
7.952600125736445307e+02
7.952990970627032539e+02
7.953381813390572006e+02
7.953772654027060298e+02
7.954163492536500826e+02
7.954554328918890178e+02
7.954945163174231766e+02
7.955335995302522178e+02
7.955726825303763690e+02
7.956117653177956299e+02
7.956508478925100007e+02
7.956899302545193677e+02
7.957290124038237309e+02
7.957680943404232039e+02
7.958071760643176731e+02
7.958462575755073658e+02
7.958853388739919410e+02
7.959244199597716261e+02
7.959635008328463073e+02
7.960025814932162120e+02
7.960416619408808856e+02
7.960807421758410101e+02
7.961198221980957896e+02
7.961589020076460201e+02
7.961979816044909057e+02
7.962370609886311286e+02
7.962761401600662339e+02
7.963152191187964490e+02
7.963542978648218877e+02
7.963933763981420952e+02
7.964324547187576400e+02
7.964715328266679535e+02
7.965106107218734905e+02
7.965496884043741375e+02
7.965887658741697805e+02
7.966278431312604198e+02
7.966669201756461689e+02
7.967059970073269142e+02
7.967450736263028830e+02
7.967841500325737343e+02
7.968232262261396954e+02
7.968623022070006527e+02
7.969013779751568336e+02
7.969404535306078969e+02
7.969795288733541838e+02
7.970186040033952395e+02
7.970576789207316324e+02
7.970967536253629078e+02
7.971358281172892930e+02
7.971749023965109018e+02
7.972139764630272794e+02
7.972530503168388805e+02
7.972921239579454777e+02
7.973311973863471849e+02
7.973702706020438882e+02
7.974093436050358150e+02
7.974484163953225107e+02
7.974874889729044298e+02
7.975265613377814589e+02
7.975656334899534841e+02
7.976047054294205054e+02
7.976437771561827503e+02
7.976828486702398777e+02
7.977219199715921150e+02
7.977609910602394621e+02
7.978000619361818053e+02
7.978391325994191448e+02
7.978782030499515940e+02
7.979172732877791532e+02
7.979563433129015948e+02
7.979954131253192600e+02
7.980344827250320350e+02
7.980735521120398062e+02
7.981126212863424598e+02
7.981516902479403370e+02
7.981907589968333241e+02
7.982298275330213073e+02
7.982688958565041730e+02
7.983079639672823760e+02
7.983470318653554614e+02
7.983860995507236566e+02
7.984251670233868481e+02
7.984642342833452631e+02
7.985033013305985605e+02
7.985423681651469678e+02
7.985814347869903713e+02
7.986205011961288847e+02
7.986595673925625078e+02
7.986986333762910135e+02
7.987376991473147427e+02
7.987767647056333544e+02
7.988158300512473033e+02
7.988548951841561347e+02
7.988939601043600760e+02
7.989330248118588997e+02
7.989720893066530607e+02
7.990111535887421041e+02
7.990502176581262574e+02
7.990892815148052932e+02
7.991283451587795525e+02
7.991674085900489217e+02
7.992064718086132871e+02
7.992455348144726486e+02
7.992845976076271199e+02
7.993236601880765875e+02
7.993627225558210512e+02
7.994017847108608521e+02
7.994408466531954218e+02
7.994799083828252151e+02
7.995189698997498908e+02
7.995580312039697901e+02
7.995970922954846856e+02
7.996361531742948046e+02
7.996752138403996923e+02
7.997142742937998037e+02
7.997533345344949112e+02
7.997923945624851285e+02
7.998314543777702283e+02
7.998705139803506654e+02
7.999095733702259849e+02
7.999486325473964143e+02
7.999876915118618399e+02
8.000267502636223753e+02
8.000658088026779069e+02
8.001048671290285483e+02
8.001439252426741859e+02
8.001829831436149334e+02
8.002220408318507907e+02
8.002610983073815305e+02
8.003001555702074938e+02
8.003392126203283397e+02
8.003782694577444090e+02
8.004173260824554745e+02
8.004563824944616499e+02
8.004954386937627078e+02
8.005344946803589892e+02
8.005735504542503804e+02
8.006126060154367678e+02
8.006516613639180378e+02
8.006907164996946449e+02
8.007297714227660208e+02
8.007688261331326203e+02
8.008078806307942159e+02
8.008469349157509214e+02
8.008859889880026230e+02
8.009250428475493209e+02
8.009640964943912422e+02
8.010031499285280461e+02
8.010422031499600735e+02
8.010812561586870970e+02
8.011203089547091167e+02
8.011593615380262463e+02
8.011984139086384857e+02
8.012374660665457213e+02
8.012765180117480668e+02
8.013155697442454084e+02
8.013546212640378599e+02
8.013936725711251938e+02
8.014327236655077513e+02
8.014717745471853050e+02
8.015108252161579685e+02
8.015498756724256282e+02
8.015889259159883977e+02
8.016279759468461634e+02
8.016670257649989253e+02
8.017060753704469107e+02
8.017451247631897786e+02
8.017841739432278700e+02
8.018232229105608440e+02
8.018622716651890414e+02
8.019013202071121214e+02
8.019403685363304248e+02
8.019794166528437245e+02
8.020184645566521340e+02
8.020575122477553123e+02
8.020965597261538278e+02
8.021356069918473395e+02
8.021746540448359610e+02
8.022137008851194651e+02
8.022527475126983063e+02
8.022917939275719164e+02
8.023308401297407499e+02
8.023698861192045797e+02
8.024089318959635193e+02
8.024479774600174551e+02
8.024870228113663870e+02
8.025260679500105425e+02
8.025651128759495805e+02
8.026041575891838420e+02
8.026432020897130997e+02
8.026822463775373535e+02
8.027212904526567172e+02
8.027603343150710771e+02
8.027993779647804331e+02
8.028384214017850127e+02
8.028774646260845884e+02
8.029165076376792740e+02
8.029555504365688421e+02
8.029945930227536337e+02
8.030336353962334215e+02
8.030726775570083191e+02
8.031117195050782129e+02
8.031507612404431029e+02
8.031898027631031027e+02
8.032288440730580987e+02
8.032678851703083183e+02
8.033069260548534203e+02
8.033459667266937458e+02
8.033850071858289539e+02
8.034240474322593855e+02
8.034630874659845858e+02
8.035021272870051234e+02
8.035411668953206572e+02
8.035802062909313008e+02
8.036192454738368269e+02
8.036582844440375766e+02
8.036973232015332087e+02
8.037363617463240644e+02
8.037754000784098025e+02
8.038144381977907642e+02
8.038534761044667221e+02
8.038925137984377898e+02
8.039315512797037400e+02
8.039705885482648000e+02
8.040096256041210836e+02
8.040486624472722497e+02
8.040876990777186393e+02
8.041267354954599114e+02
8.041657717004962933e+02
8.042048076928276714e+02
8.042438434724542731e+02
8.042828790393758709e+02
8.043219143935924649e+02
8.043609495351040550e+02
8.043999844639108687e+02
8.044390191800126786e+02
8.044780536834095983e+02
8.045170879741012868e+02
8.045561220520883126e+02
8.045951559173703345e+02
8.046341895699474662e+02
8.046732230098194805e+02
8.047122562369866046e+02
8.047512892514488385e+02
8.047903220532061823e+02
8.048293546422585223e+02
8.048683870186058584e+02
8.049074191822484181e+02
8.049464511331858603e+02
8.049854828714184123e+02
8.050245143969459605e+02
8.050635457097687322e+02
8.051025768098863864e+02
8.051416076972991505e+02
8.051806383720070244e+02
8.052196688340100081e+02
8.052586990833078744e+02
8.052977291199008505e+02
8.053367589437889364e+02
8.053757885549721323e+02
8.054148179534502106e+02
8.054538471392235124e+02
8.054928761122918104e+02
8.055319048726551046e+02
8.055709334203135086e+02
8.056099617552669088e+02
8.056489898775155325e+02
8.056880177870589250e+02
8.057270454838976548e+02
8.057660729680312670e+02
8.058051002394599891e+02
8.058441272981837074e+02
8.058831541442026491e+02
8.059221807775164734e+02
8.059612071981255212e+02
8.060002334060294515e+02
8.060392594012284917e+02
8.060782851837226417e+02
8.061173107535119016e+02
8.061563361105959302e+02
8.061953612549754098e+02
8.062343861866496582e+02
8.062734109056189027e+02
8.063124354118834844e+02
8.063514597054428350e+02
8.063904837862975228e+02
8.064295076544470930e+02
8.064685313098917732e+02
8.065075547526315631e+02
8.065465779826663493e+02
8.065856009999961316e+02
8.066246238046211374e+02
8.066636463965409121e+02
8.067026687757560239e+02
8.067416909422661320e+02
8.067807128960712362e+02
8.068197346371713365e+02
8.068587561655665468e+02
8.068977774812568668e+02
8.069367985842422968e+02
8.069758194745224955e+02
8.070148401520980315e+02
8.070538606169684499e+02
8.070928808691339782e+02
8.071319009085947300e+02
8.071709207353502507e+02
8.072099403494011085e+02
8.072489597507467352e+02
8.072879789393876990e+02
8.073269979153235454e+02
8.073660166785546153e+02
8.074050352290804540e+02
8.074440535669016299e+02
8.074830716920176883e+02
8.075220896044288565e+02
8.075611073041351347e+02
8.076001247911364089e+02
8.076391420654326794e+02
8.076781591270240597e+02
8.077171759759105498e+02
8.077561926120920361e+02
